#ChipScope Pro Analyzer Project File, Version 3.0
#Wed Dec 12 20:58:24 CST 2018
deviceChain.deviceName0=XC6SLX16
deviceChain.iRLength0=6
deviceChain.name0=MyDevice0
deviceIds=44002093
mdiAreaHeight=0.7
mdiAreaHeightLast=0.7
mdiCount=0
navigatorHeight=0.17976190476190476
navigatorHeightLast=0.17976190476190476
navigatorWidth=0.17980456026058633
navigatorWidthLast=0.17980456026058633
signalDisplayPath=0
unit.-1.-1.username=
